0 4 5 1   4 0 1 10   5 6 9 9   1 9 3 0   3 15 1 0   5 16 10 15   8 10 14 14   13 15 5 5   12 7 7 9   10 14 9 8
1 0 0 4   8 15 14 10   15 11 5 10   12 5 6 10   5 5 12 5   11 15 5 11   8 5 5 6   16 14 8 14   8 1 0 1   14 8 9 7
6 16 11 6   3 7 4 0   13 4 0 2   8 5 8 9   12 12 9 8   15 14 5 9   12 5 8 14   15 10 11 11   10 12 7 7   13 16 11 9
0 3 8 2   16 11 5 7   8 5 12 7   14 7 14 14   16 12 5 16   14 15 12 7   0 2 14 1   3 8 1 0   0 2 13 4   6 10 6 5
14 7 9 13   7 7 11 16   16 10 15 7   16 12 15 14   6 2 0 4   15 14 11 15   3 0 1 16   6 5 16 13   8 9 8 15   11 6 13 5
0 4 11 4   5 6 6 9   11 7 15 10   7 8 15 9   0 4 12 3   14 11 11 7   0 0 1 3   15 16 9 16   0 2 13 2   0 1 12 1
9 4 0 4   0 3 1 0   4 13 4 0   4 0 0 1   13 13 9 13   4 11 1 0   12 6 14 12   5 10 16 13   7 15 8 7   10 9 15 7
16 16 16 10   7 15 6 15   6 7 14 12   9 16 8 16   16 6 5 11   10 16 7 7   13 12 15 13   10 13 6 6   0 1 8 1   15 8 16 6
13 10 8 16   12 10 7 16   7 15 9 11   9 16 16 9   4 13 4 0   0 4 7 3   1 0 1 5   14 16 5 10   9 8 10 5   10 9 5 6
0 1 9 2   2 0 1 16   0 4 5 4   0 2 7 4   5 5 9 12   3 8 4 0   11 13 13 11   0 1 14 4   0 4 16 3   1 0 4 12
