0 0 1 2   5 12 9 10   4 1 0 1   1 0 2 12   11 10 10 8   0 1 11 1   6 11 10 12   13 3 0 2   12 6 8 11   4 6 12 5
2 0 0 2   10 12 9 12   12 8 4 13   12 9 8 9   12 13 13 7   1 0 0 1   9 13 7 8   0 2 9 1   5 4 4 4   6 5 11 11
11 12 11 13   9 1 0 1   0 3 10 2   1 9 3 0   9 3 0 1   11 10 8 7   0 3 13 1   6 9 7 10   9 12 13 9   11 12 11 6
5 5 5 10   13 10 8 8   0 2 11 1   6 2 0 2   13 12 5 7   0 3 3 0   6 13 5 13   8 12 13 11   0 2 11 2   8 10 11 11
5 6 5 11   13 5 6 13   2 13 2 0   8 11 8 8   10 7 8 13   4 8 10 11   8 11 8 11   8 11 9 7   8 7 10 7   3 0 2 6
12 12 4 4   2 10 2 0   8 7 12 11   2 0 2 9   9 13 7 8   2 0 2 11   2 4 2 0   7 13 8 11   0 1 8 1   9 2 0 3
8 10 8 4   0 1 12 1   4 8 4 12   7 9 11 13   9 12 5 12   5 6 9 8   11 10 8 10   13 6 6 13   1 0 1 8   3 0 1 12
9 10 11 8   6 6 12 11   10 12 9 11   5 5 13 12   9 7 5 7   1 0 1 7   9 12 9 13   11 13 7 6   9 9 4 10   11 8 7 9
6 10 7 5   2 0 1 8   8 7 11 12   9 13 4 5   7 4 8 12   5 2 0 3   5 10 11 8   4 1 0 1   5 8 5 13   5 4 5 9
11 9 8 11   7 1 0 3   8 1 0 1   8 6 4 13   9 12 4 8   1 0 1 13   8 11 6 9   1 0 1 11   8 11 12 11   10 12 13 5
