0 0 2 2   5 10 6 5   9 3 0 3   1 0 4 14   5 14 16 13   0 2 10 3   10 11 7 14   13 1 0 1   14 16 9 16   8 13 15 16
1 0 0 3   16 6 5 8   9 14 6 7   15 8 13 11   15 11 11 10   3 0 0 2   6 15 8 8   0 3 16 1   14 11 10 9   14 12 16 5
10 15 16 6   13 4 0 3   0 2 6 4   3 8 3 0   6 2 0 4   12 6 13 15   0 3 14 3   7 14 6 14   13 9 14 6   10 14 14 15
16 15 14 6   12 6 9 12   0 4 5 2   11 4 0 2   13 11 8 6   0 3 3 0   10 5 16 6   13 13 14 14   0 1 11 1   13 16 12 7
8 15 5 10   11 16 11 8   4 5 4 0   6 5 13 8   8 8 9 14   6 12 7 6   13 10 6 7   9 15 6 8   10 16 6 15   2 0 1 7
14 8 10 10   4 8 3 0   10 12 10 14   4 0 4 9   5 7 13 15   1 0 2 13   3 11 4 0   8 6 10 7   0 1 14 3   14 3 0 1
11 5 13 11   0 3 16 4   8 13 9 13   8 6 16 14   9 16 8 6   12 5 11 10   7 6 10 14   11 5 6 6   4 0 4 13   3 0 1 6
9 14 12 7   6 14 9 11   14 14 11 5   16 5 14 6   9 16 11 8   4 0 3 6   5 8 6 14   10 15 12 8   5 9 8 6   14 9 15 6
8 6 15 16   2 0 4 7   10 13 6 9   16 14 8 16   6 8 9 13   10 3 0 2   10 14 10 11   8 2 0 2   15 12 11 6   8 9 5 9
12 11 10 13   10 2 0 3   12 1 0 1   10 16 11 6   14 13 10 15   2 0 2 8   10 5 13 14   2 0 4 15   10 10 11 11   16 8 12 16
