0 2 8 1   2 0 3 8   11 13 10 11   1 11 3 0   2 11 3 0   7 6 8 10   12 8 12 10   12 6 4 11   13 11 4 7   10 13 11 7
1 0 0 3   7 4 12 4   6 10 6 5   12 11 6 7   9 8 6 8   10 8 9 13   11 11 4 8   6 9 9 6   5 3 0 1   9 7 13 5
4 8 7 13   3 4 1 0   12 3 0 2   13 5 9 11   12 4 7 7   10 12 5 6   6 4 9 13   4 13 12 7   7 6 4 4   9 4 13 9
0 3 12 2   4 13 5 4   6 11 4 4   8 4 13 12   6 6 5 4   12 11 10 11   0 1 9 1   2 7 3 0   0 1 6 3   4 12 13 13
10 11 6 12   9 6 10 4   4 8 4 6   8 8 7 12   4 1 0 2   4 6 13 8   2 0 1 4   9 13 11 12   11 7 12 7   12 4 6 13
0 1 5 2   8 4 6 9   5 4 13 12   5 10 8 13   0 2 12 3   13 10 13 9   0 0 3 2   7 10 12 9   0 1 6 1   0 1 11 1
10 2 0 3   0 1 1 0   2 9 2 0   2 0 0 3   12 12 4 9   3 8 3 0   6 4 13 6   11 4 9 9   11 10 10 8   8 11 10 4
11 12 7 13   10 9 4 13   9 10 8 13   7 6 9 8   6 8 8 13   10 7 5 7   8 8 9 12   5 6 4 11   0 3 12 1   7 5 8 13
8 13 7 10   11 6 4 6   7 8 6 10   11 4 4 12   2 4 2 0   0 1 5 2   1 0 1 7   9 12 12 8   4 6 6 8   13 7 4 11
0 1 6 1   1 0 1 8   0 3 6 3   0 1 8 1   12 13 7 12   2 13 3 0   10 12 4 8   0 3 13 1   0 2 8 1   3 0 1 10
