9 3 0 3   0 1 11 1   4 9 5 12   6 6 4 7   3 8 2 0   3 10 2 0   2 0 1 12   8 13 11 12   3 0 0 2   6 5 6 12
7 9 7 4   6 11 4 6   1 9 1 0   9 10 7 10   0 3 8 3   13 12 12 13   13 12 4 13   12 10 12 4   9 8 10 7   6 9 10 13
12 4 6 4   1 0 1 7   4 2 0 1   4 4 4 13   8 3 0 3   1 9 1 0   12 5 12 11   3 12 1 0   6 10 12 5   0 1 2 0
13 12 7 11   7 8 11 10   1 11 2 0   4 12 4 9   11 6 8 11   8 4 10 8   9 13 13 9   13 12 6 11   2 0 2 7   9 9 12 12
13 6 5 10   7 10 4 10   13 6 8 13   12 6 6 4   9 13 11 5   3 0 3 5   9 4 4 7   11 8 8 6   4 11 4 11   3 0 2 9
9 5 6 6   8 9 11 11   13 12 4 11   9 5 11 9   12 8 9 5   6 6 9 5   10 13 8 9   6 6 4 9   1 0 2 11   13 4 4 9
12 4 8 4   3 0 3 13   8 12 5 7   0 1 9 2   7 7 5 13   0 2 4 2   9 9 7 9   8 13 8 10   7 12 4 11   6 3 0 3
0 1 2 0   7 11 13 4   0 2 13 3   13 10 12 12   12 1 0 2   7 12 5 10   11 5 7 12   1 0 3 9   3 0 2 11   12 1 0 2
12 3 0 3   10 12 6 4   10 9 11 6   8 13 11 8   9 8 13 11   4 6 11 11   4 6 5 12   9 13 12 4   10 4 12 5   11 9 4 9
6 5 12 4   4 7 4 6   9 11 13 10   3 0 0 2   0 3 9 3   1 0 3 13   2 0 1 11   4 13 9 6   2 11 2 0   12 1 0 2
