0 1 10 3   11 9 12 5   12 9 4 10   12 7 11 12   3 2 0 0   11 3 0 2   7 6 5 9   8 13 5 11   2 12 2 0   10 4 13 12
12 4 12 10   12 12 7 12   0 2 11 1   2 4 3 0   3 0 3 4   11 2 0 1   9 8 4 7   13 6 7 13   11 6 6 12   3 10 1 0
5 3 0 3   10 11 4 4   12 8 9 7   10 12 13 12   0 1 4 2   5 5 8 9   7 12 8 4   0 3 12 2   12 1 0 2   12 8 10 8
4 1 0 3   12 6 7 5   7 10 6 7   0 1 7 2   11 4 7 12   2 0 2 11   12 5 11 9   3 8 1 0   7 13 9 12   4 11 10 7
3 0 3 13   2 0 0 1   7 9 8 6   3 0 1 6   3 0 2 11   12 12 11 13   0 1 5 2   3 12 1 0   11 8 13 8   8 6 13 4
7 10 7 9   10 8 10 7   8 5 9 11   4 13 13 12   4 10 6 10   8 9 6 11   12 6 10 12   9 4 5 11   11 11 8 12   4 12 4 10
2 0 2 7   6 6 13 8   9 8 13 11   11 5 6 6   11 2 0 1   8 10 11 12   8 9 13 12   0 2 9 1   2 11 1 0   6 13 5 13
1 12 2 0   9 5 12 13   9 3 0 3   9 12 5 5   12 5 12 12   7 12 10 6   9 8 12 12   3 6 1 0   5 12 8 10   4 1 0 2
12 11 13 5   4 10 10 12   10 4 12 4   3 8 3 0   5 10 4 13   3 0 0 2   12 10 7 9   11 7 11 11   7 12 10 12   2 10 2 0
7 8 11 4   13 4 4 4   4 1 0 1   7 11 10 5   3 0 0 1   8 10 4 4   8 6 6 10   12 5 9 6   11 7 4 9   7 9 13 7
