15 2 0 2   14 13 12 18   14 11 15 14   10 6 12 7   0 2 12 1   14 6 7 7   10 5 13 7   13 14 13 9   3 0 1 6   14 1 0 3   1 0 1 6   5 12 10 13
6 16 11 18   1 0 3 13   5 11 5 11   9 18 12 10   12 6 13 9   7 8 15 12   7 18 6 16   2 0 3 9   16 6 17 5   7 5 7 16   13 13 15 6   12 10 12 9
11 16 10 5   9 17 17 13   15 12 12 8   15 11 13 14   16 14 12 12   0 0 2 4   16 5 6 10   5 2 0 2   17 15 11 14   3 0 2 5   0 1 9 3   2 0 1 17
4 10 2 0   6 9 14 14   6 1 0 2   6 10 13 12   8 17 5 11   2 0 1 16   17 11 18 17   16 17 16 11   7 1 0 2   7 10 5 15   6 7 5 17   3 0 2 8
17 11 9 8   13 5 13 14   15 18 11 15   12 10 18 14   3 1 0 0   3 16 2 0   15 17 14 12   18 12 16 7   17 2 0 1   9 8 9 15   8 8 16 13   12 7 10 5
15 5 13 12   0 1 17 4   15 7 13 10   17 18 6 13   11 17 16 12   14 5 7 7   7 14 13 5   2 10 1 0   5 8 7 8   17 15 12 14   9 14 8 17   15 12 11 12
9 13 7 16   16 5 10 8   5 5 7 18   6 13 9 16   12 4 0 4   10 16 7 14   9 16 11 11   11 3 0 2   5 10 10 13   0 1 8 1   14 7 10 18   2 16 2 0
2 7 2 0   0 1 18 1   5 10 5 13   18 8 5 7   18 7 7 9   0 2 10 4   13 1 0 2   10 15 10 13   16 13 5 12   3 0 3 17   16 13 6 18   9 16 6 13
13 9 13 5   13 9 13 5   13 11 11 16   3 5 2 0   12 18 5 16   8 9 12 17   8 15 15 8   10 13 10 9   13 6 12 5   8 15 11 13   9 18 12 10   0 4 10 2
3 5 1 0   18 13 16 12   6 2 0 1   13 5 7 10   11 17 10 10   16 7 16 10   5 15 13 12   0 1 3 0   8 10 13 15   0 2 15 1   1 5 2 0   4 10 2 0
12 15 15 10   3 12 2 0   11 5 17 9   12 10 6 14   13 7 13 6   0 0 1 2   11 6 8 14   17 10 5 13   12 17 7 14   14 3 0 2   13 6 7 11   17 18 15 10
6 9 9 16   17 16 16 9   1 8 1 0   13 3 0 2   6 8 17 12   15 9 13 5   17 16 11 16   13 13 10 7   10 9 18 16   15 18 18 5   16 16 5 11   10 8 8 5
