19 0 0 10   24 29 30 4   13 7 15 19   24 19 24 24   38 15 22 21   20 27 21 30   30 13 28 22   17 21 27 28   1 37 13 17   33 19 25 29   22 0 17 1   38 24 21 9   25 37 37 28   9 38 24 30   28 29 10 10   28 22 17 0
9 19 27 37   38 27 33 7   29 19 13 33   13 1 0 22   1 4 1 1   5 0 20 20   4 28 16 5   20 10 33 37   5 19 15 22   25 5 33 1   0 27 5 22   33 37 15 1   22 0 21 7   4 27 9 33   30 22 20 24   13 27 13 25
1 7 19 0   27 20 29 20   1 0 28 5   7 20 5 24   21 30 13 4   16 4 37 28   7 28 7 30   9 4 1 29   22 20 17 24   33 24 28 21   16 20 30 38   25 29 4 7   4 27 30 29   10 29 4 21   17 1 28 0   13 30 10 28
13 21 20 21   29 22 29 22   1 13 28 21   30 4 16 30   21 25 19 9   4 5 7 28   19 13 28 38   7 25 0 13   29 20 22 27   15 29 21 7   13 22 30 4   37 0 4 37   22 28 33 24   9 4 21 10   10 0 29 30   20 10 27 4
13 33 19 33   10 38 16 15   29 10 38 5   9 22 24 5   27 25 15 20   17 30 33 28   29 13 15 5   0 17 29 10   37 28 1 21   28 37 27 38   4 13 5 29   10 38 17 38   28 5 0 28   38 10 20 10   21 27 13 10   19 27 20 27
4 0 22 27   37 13 13 0   22 19 16 24   19 17 29 16   29 17 28 10   37 30 9 33   22 38 29 33   13 9 25 7   20 16 22 30   20 9 21 5   9 27 24 22   19 13 9 4   28 4 5 33   0 13 4 22   16 5 17 17   19 27 38 9
17 0 21 27   21 0 9 16   27 0 27 27   19 24 24 37   20 25 22 17   38 24 10 29   15 19 0 4   37 15 13 0   9 30 30 4   0 19 9 1   28 21 0 33   10 21 25 25   29 21 0 5   21 27 21 4   5 15 0 5   15 27 29 38
28 37 30 25   10 9 38 1   1 4 28 5   33 21 29 20   33 27 28 28   4 29 33 10   5 10 10 0   4 1 29 30   38 15 7 37   37 38 17 25   5 37 28 28   1 9 38 4   0 16 7 21   20 13 0 21   29 4 5 25   5 28 13 30
28 15 38 29   28 4 7 9   0 19 10 37   25 0 19 1   7 1 22 17   19 21 0 1   29 22 20 24   5 38 16 28   17 29 19 10   29 0 37 13   17 7 29 37   9 22 13 16   27 4 13 25   17 10 19 27   0 0 1 27   0 25 13 9
24 15 33 25   21 16 4 29   30 13 25 0   9 25 22 24   20 30 38 37   27 30 25 10   16 9 16 17   17 4 29 0   16 28 4 28   27 21 28 4   27 22 19 29   25 4 16 33   33 20 4 9   28 37 0 25   33 37 38 10   22 22 27 25
4 0 4 38   25 17 38 5   19 30 4 7   38 17 1 4   20 15 4 10   27 7 27 22   4 20 21 16   30 38 28 19   19 5 1 21   0 22 28 1   20 17 7 27   29 4 4 38   24 13 27 17   28 38 29 13   25 19 33 33   30 38 27 1
19 37 9 33   5 33 19 24   20 0 21 4   37 10 10 16   25 5 24 30   1 37 0 0   27 9 33 4   13 1 22 37   13 16 30 33   16 30 29 22   16 21 20 16   4 28 10 33   16 28 1 7   21 21 16 27   13 15 5 20   15 7 15 38
13 4 9 22   38 33 19 38   15 1 22 4   25 25 4 0   9 0 22 28   25 24 5 22   4 19 17 0   4 29 33 15   21 5 21 38   37 4 20 13   33 16 7 9   25 29 22 22   13 13 28 28   15 33 9 22   30 20 20 20   15 27 13 24
22 37 38 17   30 30 37 37   22 1 0 9   13 28 0 29   30 13 27 13   15 29 19 27   1 17 1 21   17 25 20 5   21 29 1 13   10 33 0 13   1 38 22 0   21 13 27 0   4 37 33 10   33 19 28 29   13 19 13 16   9 30 0 10
0 27 28 4   19 19 38 25   37 1 9 25   38 16 33 29   10 22 28 0   16 28 13 33   10 5 5 5   38 27 27 33   19 28 0 22   37 9 28 28   4 15 1 20   28 27 20 1   28 33 15 28   16 20 13 15   0 10 4 5   37 16 0 0
4 22 17 4   20 19 38 27   16 7 33 1   15 16 17 0   20 13 10 0   24 16 33 37   1 21 24 20   1 33 1 10   17 17 1 16   17 17 22 9   24 22 25 16   29 24 38 16   27 1 4 27   27 13 22 29   1 20 0 28   5 4 13 24
