0 0 2 4   8 13 6 13   14 13 18 11   13 10 11 16   10 16 16 15   18 12 5 14   0 0 1 1   16 9 16 10   17 10 13 9   4 0 4 11   15 15 14 9   16 4 0 3
7 9 7 8   0 1 18 2   18 17 17 15   18 17 18 7   13 10 13 9   16 15 9 16   9 11 18 5   17 9 9 11   9 13 17 18   15 15 7 12   12 16 16 16   0 1 13 3
8 9 18 17   0 4 9 3   0 3 8 3   14 17 11 14   16 14 16 14   18 18 15 8   13 10 11 10   6 13 9 16   1 15 1 0   14 12 13 12   8 11 17 5   0 3 10 2
17 8 5 14   17 12 16 5   3 14 3 0   1 18 4 0   12 16 11 17   1 0 1 6   16 16 9 18   8 18 16 13   2 0 2 17   11 17 13 10   10 18 6 5   15 8 17 15
12 1 0 4   5 6 13 11   17 4 0 3   0 2 16 2   18 15 8 6   16 8 14 17   4 18 4 0   2 0 1 14   1 13 3 0   8 8 10 16   18 13 14 14   3 0 2 13
4 0 1 15   14 14 15 18   11 3 0 1   12 12 8 9   17 8 8 6   0 1 10 4   18 6 8 8   16 18 10 14   8 11 11 5   16 8 5 18   16 11 5 5   9 13 17 18
6 16 18 15   14 17 9 6   14 1 0 4   17 13 13 5   1 0 1 13   18 16 15 14   1 17 4 0   7 4 0 3   5 11 16 15   12 17 18 14   0 0 1 4   16 15 12 8
8 18 12 8   15 12 16 18   9 1 0 2   14 15 16 11   16 16 13 14   12 10 17 5   6 14 15 8   9 8 5 7   12 2 0 1   17 15 5 13   9 18 5 14   12 1 0 1
3 0 4 15   6 15 11 12   18 16 15 15   9 13 18 6   13 8 14 18   18 7 9 6   18 8 16 13   6 12 18 10   18 6 18 17   18 5 17 9   13 15 10 16   3 15 1 0
9 3 0 3   0 4 8 1   17 7 15 9   9 15 8 9   0 4 8 2   5 6 5 13   14 6 13 16   1 0 3 6   10 16 11 8   11 10 13 15   15 18 11 12   11 15 18 6
18 5 15 9   18 1 0 4   5 15 14 10   3 12 1 0   10 6 14 17   6 18 5 9   10 12 5 18   13 16 13 16   10 5 10 17   7 6 9 13   2 11 1 0   11 9 13 18
11 11 10 8   2 16 3 0   17 16 9 13   9 6 13 8   0 0 4 1   16 13 15 16   6 17 15 17   13 5 17 15   9 11 6 5   13 7 13 5   0 4 18 1   14 11 8 13
