13 16 18 13   8 15 7 10   7 15 8 6   12 2 0 3   17 16 8 6   0 2 2 0   9 14 13 7   11 10 10 10   2 0 3 15   7 11 16 9   10 6 15 14   0 2 9 2
1 16 1 0   15 10 14 14   5 10 8 18   8 12 13 15   12 10 11 15   3 0 1 18   17 18 17 7   14 15 11 16   10 11 13 16   2 10 4 0   13 17 13 10   8 10 15 12
14 12 14 18   7 7 12 11   14 5 13 16   8 9 15 13   3 0 4 10   3 14 4 0   0 3 12 2   5 14 16 8   4 0 4 5   4 17 2 0   7 12 6 12   9 10 11 14
14 9 11 9   18 5 13 8   13 12 15 14   6 1 0 3   18 8 10 9   3 10 2 0   12 3 0 4   18 14 11 12   7 11 6 8   15 11 18 15   5 9 16 11   8 10 14 13
8 10 6 15   0 4 13 1   9 15 18 12   2 0 4 15   1 0 2 16   5 6 16 12   6 14 15 12   11 18 10 14   18 9 10 10   6 9 11 15   9 15 7 10   12 18 11 15
11 13 9 16   18 11 15 10   10 13 17 12   9 5 7 10   11 6 5 15   0 2 10 1   10 10 9 8   0 0 2 2   12 15 7 16   18 12 13 8   18 7 16 15   10 4 0 1
7 10 6 16   12 9 14 11   0 0 4 3   5 9 12 14   9 17 8 14   5 15 15 9   2 17 4 0   0 3 9 4   1 0 4 12   11 8 15 6   12 16 8 11   0 4 9 2
18 12 15 13   17 12 9 15   7 5 16 18   14 1 0 3   5 14 15 7   2 0 2 6   12 5 13 10   5 6 11 8   3 0 3 13   3 0 4 8   5 7 6 17   18 9 11 10
7 15 13 11   7 5 12 13   11 5 14 15   14 11 5 18   12 10 8 17   18 7 9 11   17 2 0 1   18 10 8 12   16 8 7 13   12 5 12 6   8 3 0 2   1 0 4 5
11 11 17 13   10 10 15 6   12 16 6 7   13 9 13 14   13 18 11 8   15 15 18 17   8 9 16 10   0 0 1 3   10 7 17 10   12 9 15 8   4 0 1 13   0 1 18 3
15 9 11 5   10 12 14 6   9 6 16 9   17 7 7 7   12 3 0 2   13 14 13 15   13 6 7 12   13 5 9 16   6 6 8 8   14 6 6 7   5 12 10 12   4 0 3 13
3 0 2 13   7 11 8 14   18 13 16 5   4 0 2 6   5 18 18 16   4 0 1 18   9 9 14 11   8 11 13 10   6 13 18 8   2 6 2 0   0 2 6 4   2 0 3 7
