9 37 9 0   12 30 37 32   39 30 3 0   6 32 5 19   19 0 37 39   37 9 18 30   0 0 19 3   33 0 0 12   32 32 5 32   12 23 6 37
39 6 34 34   18 3 12 39   0 34 34 19   0 18 34 18   26 37 37 23   0 19 30 9   30 30 26 39   37 37 39 12   12 32 0 6   12 0 37 30
18 3 32 12   37 0 33 12   26 3 26 23   0 26 37 32   9 32 39 3   0 5 12 12   39 26 0 23   3 37 32 23   39 23 39 33   23 34 5 26
12 37 37 37   30 12 39 3   12 26 18 37   26 26 34 23   0 12 23 18   26 32 18 3   26 9 18 39   34 9 37 18   34 0 26 33   0 18 3 37
9 32 18 19   5 5 30 18   12 5 26 19   5 37 3 9   19 26 0 19   5 23 39 33   3 23 18 34   37 33 32 3   19 19 34 9   39 5 37 23
39 34 33 18   5 26 3 6   9 34 23 18   12 39 26 9   32 32 12 34   3 37 9 0   19 12 37 30   3 37 26 19   32 39 34 0   23 34 39 19
34 32 26 9   5 33 3 19   9 34 33 0   0 6 6 5   32 19 0 0   34 32 3 0   9 6 26 32   3 37 9 23   23 34 37 32   9 37 32 3
39 39 33 3   33 37 18 9   9 37 32 12   0 37 39 26   34 12 23 0   18 30 30 12   39 0 5 23   37 33 37 23   30 39 12 9   19 5 0 19
0 26 23 12   39 6 19 5   18 33 18 9   39 30 39 9   26 12 18 33   0 26 34 19   9 34 34 32   19 26 0 5   37 34 0 3   0 0 33 5
9 3 12 19   9 39 6 0   3 39 26 26   6 0 12 37   34 26 18 37   26 3 9 37   34 33 33 6   0 3 34 37   37 37 26 30   9 33 12 30
