0 0 2 2   8 9 11 13   2 0 0 2   10 7 8 12   0 2 11 1   12 12 11 7   13 7 12 10   10 5 7 9   0 2 7 3   5 5 9 10
13 2 0 3   10 8 8 5   13 2 0 3   13 12 7 6   13 1 0 2   1 10 1 0   9 6 8 10   8 4 13 5   2 0 1 8   7 10 13 11
7 9 13 12   8 6 7 11   11 6 9 9   6 12 6 13   9 13 5 10   11 4 5 9   10 8 5 9   0 3 8 1   6 13 10 7   13 7 8 4
1 13 3 0   10 9 9 5   3 0 2 4   11 8 6 4   7 5 8 6   11 12 13 11   0 3 6 3   1 6 1 0   4 10 11 4   6 6 13 9
7 5 8 7   7 8 8 8   6 13 4 5   3 3 0 0   12 7 11 10   7 2 0 3   5 1 0 2   13 13 13 8   6 3 0 3   4 10 6 10
0 1 5 3   7 10 13 5   9 10 13 7   12 5 7 6   0 2 11 1   12 12 5 6   0 1 11 3   0 3 8 3   2 0 3 8   11 10 12 8
13 8 9 5   10 13 8 9   11 6 6 6   5 4 9 7   12 12 10 11   12 6 8 10   6 5 11 8   10 7 10 4   5 2 0 3   5 10 10 8
5 6 11 5   6 10 7 8   4 4 6 8   6 8 10 4   8 3 0 3   13 5 6 8   5 9 12 7   3 0 2 7   1 6 1 0   8 10 5 6
11 4 4 4   9 2 0 1   11 9 9 10   3 4 1 0   13 5 7 10   13 3 0 3   4 1 0 3   6 10 13 11   7 8 7 4   8 6 12 8
13 6 7 7   1 11 3 0   8 6 5 9   10 7 12 13   0 3 3 0   3 0 3 7   2 12 2 0   10 7 4 6   7 3 0 1   5 11 6 4
