17 11 10 8   18 14 12 7   6 12 5 11   17 7 17 12   7 9 18 16   11 16 12 5   3 0 3 8   17 8 6 17   14 10 14 12   6 17 14 17   1 10 3 0   2 0 3 9
7 11 6 7   6 11 16 15   17 12 13 16   13 17 17 6   17 15 7 13   12 18 11 10   8 9 6 12   8 3 0 4   8 7 14 7   2 16 2 0   13 11 15 11   14 13 11 12
0 1 3 0   9 11 6 9   8 7 12 13   15 5 16 12   3 12 3 0   11 12 16 8   12 8 17 8   16 12 10 8   1 0 1 11   0 3 13 4   7 12 11 8   12 13 10 17
0 0 2 3   3 17 1 0   4 0 0 2   18 11 17 8   9 7 18 14   18 10 16 8   0 4 9 1   1 0 4 17   12 12 14 15   6 18 9 18   0 2 8 2   1 0 3 18
7 12 9 14   10 12 9 7   0 3 18 4   8 9 14 16   4 18 2 0   0 4 12 4   0 3 2 0   6 5 7 9   0 4 8 3   18 7 16 5   14 10 16 6   3 11 2 0
6 11 14 8   18 9 10 16   9 18 17 14   0 2 10 4   17 9 6 16   10 8 7 6   0 4 6 3   7 17 11 18   11 11 5 16   15 7 8 7   1 7 3 0   9 14 13 7
14 17 18 10   12 10 11 9   16 10 12 18   6 5 16 16   12 15 9 14   4 0 2 16   13 15 17 7   3 0 2 5   14 14 6 10   11 16 16 8   15 6 11 10   8 8 7 6
12 16 5 5   5 14 14 15   17 9 16 18   8 14 5 8   10 14 13 14   1 0 1 10   18 11 12 16   7 8 11 6   12 12 6 15   3 0 4 11   13 8 16 15   9 10 6 9
18 9 16 13   18 6 11 14   1 0 3 10   18 8 8 11   5 2 0 2   2 0 1 7   10 7 9 13   11 7 13 12   11 10 14 17   0 2 15 3   0 2 18 3   13 4 0 1
5 16 10 16   17 11 14 13   8 13 16 14   16 12 13 12   14 8 10 10   0 3 8 3   10 2 0 4   18 13 17 9   12 14 16 13   0 4 12 1   3 7 2 0   10 16 18 13
15 6 11 7   0 1 16 1   5 9 6 18   8 14 12 18   8 14 5 9   14 16 16 12   10 7 14 6   0 2 8 2   14 6 17 9   16 7 5 11   11 4 0 3   6 6 15 11
13 8 18 17   11 15 17 6   10 7 17 15   0 3 16 4   10 6 9 16   12 6 12 15   16 5 6 14   7 17 7 13   16 14 16 13   6 17 10 16   11 8 8 13   4 0 1 17
