2 8 1 0   11 5 13 12   2 11 2 0   11 5 12 7   2 0 2 4   7 13 13 5   0 0 3 1   2 0 0 1   12 12 12 11   13 13 13 8
12 8 11 12   8 10 8 4   0 2 12 3   0 1 4 2   11 11 9 13   0 2 8 1   11 11 4 10   8 11 8 8   13 3 0 1   1 0 1 10
8 11 8 7   2 0 2 5   6 12 11 12   0 2 4 1   11 12 10 9   0 2 9 3   5 2 0 1   6 11 6 4   6 4 12 7   11 12 9 4
7 13 7 11   4 8 12 11   8 13 8 8   8 8 11 13   0 3 13 1   13 5 7 10   7 5 8 8   12 4 12 4   2 0 2 7   0 2 7 2
11 6 8 7   6 9 8 8   13 10 6 7   10 4 12 7   7 3 0 2   9 13 11 7   7 9 4 9   11 8 10 10   6 4 11 12   10 6 11 12
4 9 5 8   8 9 6 13   12 10 4 7   13 12 8 4   12 8 13 13   2 9 2 0   11 13 9 11   6 6 6 13   1 10 3 0   12 11 11 11
11 11 13 13   9 9 10 11   1 12 2 0   0 2 13 2   3 2 0 0   3 12 3 0   12 11 13 10   9 4 7 4   9 4 9 8   7 7 7 12
6 11 12 10   5 7 13 12   11 11 7 11   0 2 11 2   3 10 1 0   6 9 4 10   2 0 3 11   11 5 12 13   4 4 8 10   4 2 0 3
0 3 12 3   12 13 11 8   8 9 10 10   5 4 12 7   8 8 10 7   0 1 13 3   11 13 12 8   13 1 0 2   7 3 0 1   0 0 2 3
13 12 9 6   1 12 2 0   6 12 6 7   1 0 3 4   13 6 6 7   9 10 5 7   10 8 5 8   0 3 11 1   6 7 6 9   13 12 5 10
