38 3 32 28   32 34 28 13   14 13 7 8   7 13 7 38   3 34 34 33   18 28 13 25   20 23 0 0   28 3 38 25   3 25 7 20   0 10 3 0   21 20 28 38   32 28 10 14
32 23 20 14   18 0 21 13   21 32 32 0   3 10 32 25   0 32 1 10   25 38 11 20   11 34 18 28   7 14 0 38   13 3 21 34   11 3 21 0   23 28 25 0   13 21 18 3
14 8 34 32   3 7 20 3   8 32 32 0   0 25 11 38   28 38 25 23   28 28 14 18   8 34 21 0   28 20 23 21   28 32 20 28   28 28 8 3   7 28 10 0   8 32 25 38
21 0 10 10   7 8 0 3   38 21 28 34   8 20 20 23   21 3 10 13   33 20 20 32   34 34 1 8   18 1 10 32   11 25 20 3   21 1 18 0   34 28 21 3   34 7 32 20
1 34 33 21   28 21 0 3   33 33 32 7   7 21 20 21   13 23 21 38   13 38 21 28   11 28 33 38   28 18 11 7   0 14 25 28   3 33 38 34   23 32 14 33   34 7 7 38
0 25 34 3   25 28 18 21   7 25 1 18   14 20 38 28   14 7 38 23   28 21 7 34   18 21 23 32   3 14 13 7   20 0 28 25   0 32 13 34   0 8 28 14   34 38 8 0
14 18 25 13   28 34 32 8   25 0 18 23   28 38 14 8   38 28 33 38   23 13 25 21   25 25 20 33   1 3 11 14   3 10 8 20   18 34 7 23   34 3 11 11   13 11 1 14
28 32 18 23   7 33 11 0   1 7 34 34   14 25 28 13   0 8 8 21   38 20 8 0   38 14 3 33   14 0 33 32   1 28 1 28   14 18 25 7   1 21 32 1   33 11 33 28
8 14 0 34   0 18 33 0   38 11 8 28   13 14 3 21   13 10 28 1   1 8 25 33   34 0 0 33   14 13 0 14   33 14 11 11   14 13 33 0   21 18 33 33   3 7 0 7
21 21 25 23   34 34 0 34   28 28 13 7   3 14 25 1   10 33 20 0   25 20 1 23   7 11 10 18   18 23 38 0   7 11 23 10   34 13 34 8   0 14 1 8   32 23 23 34
38 3 34 34   20 25 21 14   18 18 0 38   33 38 18 25   28 10 28 7   0 14 13 10   33 25 25 3   21 18 7 0   18 13 23 23   33 25 8 34   3 38 38 28   38 1 33 18
7 25 25 14   23 20 14 0   18 32 10 25   1 38 8 25   0 13 38 7   13 7 10 3   3 38 0 21   20 21 28 28   18 21 38 11   1 32 11 38   23 0 20 1   34 33 32 25
