3 6 3 0   5 10 9 11   1 10 2 0   13 14 9 8   3 0 3 15   7 15 6 10   0 0 2 1   4 0 0 3   7 7 9 7   16 8 14 6
15 6 7 12   7 15 12 8   0 3 12 4   0 2 9 2   9 6 9 5   0 3 15 1   16 10 14 5   11 7 10 8   13 4 0 4   3 0 4 10
7 12 11 8   2 0 4 9   11 13 9 9   0 1 9 4   16 7 9 10   0 3 6 2   9 1 0 2   7 7 5 16   7 9 15 15   14 8 11 14
8 9 12 10   8 5 10 12   12 5 12 11   5 14 9 12   0 4 5 2   7 14 13 15   14 13 7 10   5 8 12 7   3 0 3 15   0 2 7 3
16 5 12 8   10 11 15 13   13 5 11 14   5 9 12 11   14 2 0 3   10 8 9 9   7 11 7 7   10 10 11 15   5 11 7 7   5 10 10 14
15 7 5 13   5 13 12 16   13 9 9 13   7 10 5 8   11 11 7 12   2 15 3 0   11 16 15 16   12 9 10 15   4 9 2 0   14 9 9 11
16 7 7 12   10 11 11 9   1 8 3 0   0 3 16 3   4 3 0 0   2 7 4 0   13 13 5 11   10 9 6 16   11 9 9 8   11 7 14 13
7 13 7 15   6 12 6 7   7 6 14 5   0 2 13 3   1 11 2 0   9 10 11 11   1 0 3 14   10 5 12 12   8 8 8 5   11 3 0 4
0 2 9 4   10 14 9 5   7 11 13 5   9 11 14 6   14 5 13 9   0 3 12 2   7 12 5 8   15 3 0 3   14 1 0 1   0 0 3 3
15 12 6 5   3 10 3 0   7 14 16 14   4 0 2 9   12 10 9 14   13 11 13 13   9 10 6 6   0 4 16 4   9 13 16 10   12 7 9 10
