0 3 8 1   0 1 7 3   11 11 13 6   8 10 16 13   16 7 12 11   16 14 13 8   5 14 12 10   15 6 8 12   0 0 3 4   13 10 12 13
11 6 9 16   4 0 1 6   3 11 2 0   10 9 8 11   16 12 16 10   0 1 14 3   1 6 3 0   9 14 11 6   7 13 9 9   13 7 12 7
0 2 11 1   5 14 12 9   5 15 6 5   1 0 4 8   11 15 10 5   11 14 9 7   0 2 15 3   5 9 16 6   3 5 1 0   16 11 9 5
13 6 10 10   3 14 1 0   11 6 9 15   15 12 10 5   12 10 10 6   4 15 4 0   0 2 6 2   0 4 1 0   5 16 10 8   10 16 6 12
6 10 12 13   3 9 4 0   10 10 8 7   6 16 16 13   15 12 5 12   15 9 15 6   5 16 11 9   9 9 6 8   16 6 6 6   10 4 0 4
7 7 15 16   10 8 14 6   2 5 4 0   16 13 16 11   12 2 0 4   3 0 3 8   5 13 6 6   0 4 7 2   12 16 5 5   10 13 6 11
11 8 7 8   16 5 9 10   10 6 10 13   12 9 14 12   13 10 14 10   16 16 5 13   6 16 15 14   14 5 8 16   11 12 6 14   4 7 4 0
8 7 7 16   11 7 15 16   13 6 14 5   3 9 3 0   0 4 12 4   4 0 1 9   0 0 2 3   4 0 2 6   0 1 5 3   4 6 2 0
0 3 8 2   16 16 7 11   6 7 5 10   6 6 16 6   10 10 15 6   5 10 16 9   14 7 7 11   0 4 10 3   14 14 16 6   0 2 2 0
4 6 1 0   7 7 13 11   6 16 8 5   4 0 3 12   15 12 5 16   16 3 0 2   16 6 16 11   6 16 8 12   2 0 1 7   10 14 15 5
