16 5 9 15   7 5 5 8   9 13 16 9   17 7 10 8   18 5 12 8   14 16 14 13   14 7 10 9   3 8 1 0   7 14 10 11   5 12 8 5   11 8 13 15   2 0 2 16
8 10 16 16   9 16 11 9   3 7 4 0   18 17 13 6   10 13 11 18   15 16 7 5   7 8 9 14   10 6 16 13   11 15 15 11   8 12 13 10   1 0 3 13   11 9 13 9
0 2 12 2   17 18 12 14   5 17 13 15   18 15 13 17   7 17 11 13   12 10 16 15   13 13 9 16   16 2 0 1   11 2 0 2   6 15 15 18   10 4 0 1   9 5 9 17
11 15 8 8   16 14 9 14   15 3 0 4   7 7 12 17   6 8 13 8   1 0 2 11   17 6 18 14   18 9 5 5   14 16 14 6   4 0 2 10   5 16 9 18   0 2 14 4
17 18 9 8   13 5 6 11   5 9 14 9   4 8 4 0   14 11 8 5   9 17 9 8   9 11 10 17   1 3 0 0   2 8 4 0   0 3 4 0   3 0 4 16   6 12 6 9
8 6 8 7   9 16 17 14   3 15 1 0   4 0 0 1   11 8 10 8   10 17 10 14   1 0 4 9   18 9 5 17   5 13 11 13   12 7 5 5   15 17 7 6   4 11 1 0
6 8 15 11   14 8 14 17   9 7 12 5   10 8 9 8   0 3 11 3   16 10 5 17   3 11 1 0   12 8 18 8   13 14 15 9   17 10 15 8   10 11 13 15   12 9 5 11
16 9 10 10   0 4 5 2   12 9 6 7   14 12 10 15   11 14 16 11   17 5 14 5   5 17 17 14   14 1 0 1   5 10 10 5   17 8 10 6   12 8 10 17   5 13 17 12
14 8 6 6   5 6 7 17   10 12 9 11   14 18 5 5   13 7 9 16   5 13 9 8   7 9 15 13   13 2 0 4   13 16 6 11   16 5 17 14   10 9 9 5   13 4 0 1
1 11 2 0   5 10 11 7   6 17 12 10   13 3 0 3   18 15 5 9   4 0 1 6   15 7 15 6   0 2 13 1   13 4 0 4   0 3 16 4   2 0 4 13   10 7 13 11
15 12 18 5   0 4 3 0   1 7 1 0   16 1 0 4   14 10 16 9   0 4 9 1   15 13 17 7   15 11 17 9   1 0 1 18   10 14 17 5   0 4 11 3   1 12 2 0
3 0 1 16   6 14 5 10   12 12 9 8   6 17 12 6   15 12 8 5   7 14 12 14   17 12 11 14   17 6 13 7   0 2 6 3   10 11 16 14   0 1 5 4   11 8 7 15
