34 34 17 6   17 28 6 7   26 20 37 28   9 9 0 4   9 17 37 0   12 8 24 9   24 14 4 26   9 26 26 37   4 28 4 0   8 34 7 26   24 8 26 8
0 20 20 14   8 17 26 9   12 6 26 12   4 9 17 24   12 11 26 8   6 9 20 7   0 14 8 34   24 0 7 17   26 34 17 37   24 8 34 26   11 6 8 0
15 15 8 7   4 15 37 15   24 7 0 37   37 26 9 24   9 28 6 17   15 15 28 11   26 15 9 37   26 28 26 15   0 0 24 6   26 20 7 9   0 24 26 37
4 7 8 26   28 4 20 7   0 34 17 28   14 11 11 20   17 24 37 17   20 24 8 12   37 11 37 0   4 34 17 20   14 34 15 24   37 11 4 14   14 0 12 26
24 9 11 14   28 11 17 8   37 4 6 6   26 37 8 26   0 24 24 24   24 8 6 0   26 37 11 24   34 26 26 20   0 0 14 9   4 0 37 7   12 28 8 37
11 34 7 17   24 9 12 9   0 12 24 0   11 9 8 37   28 7 11 15   12 0 6 17   26 24 0 14   15 4 7 17   7 24 4 0   0 24 9 37   12 6 24 11
26 6 11 0   9 12 11 17   9 26 6 12   4 12 8 11   4 8 26 0   8 9 6 7   6 26 4 0   7 37 26 7   0 4 37 14   24 6 24 6   0 4 6 0
24 28 6 15   8 20 24 14   34 6 0 9   8 20 4 9   0 6 34 24   9 4 37 28   0 4 26 6   8 9 28 8   8 37 6 34   9 37 7 17   8 17 14 0
8 4 6 26   8 8 11 28   7 15 6 7   12 12 6 9   11 20 0 4   0 9 34 9   7 0 6 11   17 17 20 15   4 0 28 8   8 24 7 17   4 8 8 0
28 11 4 11   0 37 6 4   6 20 34 11   4 9 14 7   34 8 28 37   6 8 4 0   28 15 17 12   9 28 8 4   0 14 26 4   26 9 9 14   15 14 28 37
37 28 11 28   15 20 15 28   17 28 7 14   11 9 24 34   17 8 17 17   15 11 26 8   8 17 28 15   34 17 26 28   6 26 24 24   12 0 8 37   26 28 17 34
