0 3 11 4   11 1 0 3   10 11 13 15   6 9 8 9   0 2 1 0   16 16 18 10   15 14 5 8   4 14 2 0   3 0 2 8   6 13 13 8   7 1 0 2   10 15 13 7
4 0 1 7   6 5 5 18   8 11 5 11   12 17 13 11   6 15 5 14   1 5 2 0   12 17 6 17   17 15 11 14   13 10 12 18   13 4 0 1   13 7 6 16   14 11 17 13
11 5 6 18   7 10 15 14   10 10 15 6   8 2 0 3   0 4 1 0   15 15 11 6   18 5 12 17   12 15 10 12   6 11 5 8   18 11 8 5   6 16 14 8   14 17 9 10
14 11 7 6   16 18 12 13   12 18 9 7   15 11 9 8   5 12 10 8   14 11 16 16   0 1 18 1   13 7 11 8   11 13 11 17   11 17 15 6   17 14 13 13   15 3 0 2
5 10 9 6   10 14 7 12   16 17 5 13   10 17 5 16   9 5 12 14   10 13 7 9   11 3 0 1   12 10 5 14   12 3 0 4   12 5 18 15   8 1 0 3   18 12 8 15
16 13 12 5   13 1 0 4   3 11 4 0   13 9 14 18   10 3 0 4   2 17 3 0   17 14 10 8   11 10 10 17   15 8 8 12   7 9 17 12   11 15 7 13   1 0 3 14
1 12 2 0   18 5 18 9   0 1 17 4   9 8 16 5   0 2 18 1   10 5 11 6   0 2 14 4   15 7 5 11   9 11 5 12   5 18 16 13   4 14 3 0   3 2 0 0
9 16 18 14   1 0 2 17   4 8 3 0   3 0 2 14   0 3 14 1   3 14 2 0   13 12 5 16   11 14 11 13   9 10 12 16   8 12 16 15   17 13 13 13   1 8 1 0
7 14 11 9   17 6 16 14   13 12 13 18   0 0 1 2   15 14 8 8   17 8 8 15   17 6 9 17   0 4 14 3   17 14 16 9   0 1 9 3   13 5 7 5   17 7 13 7
18 10 11 7   10 8 18 14   6 3 0 3   2 0 3 16   13 14 11 7   1 18 3 0   7 5 17 18   15 14 8 7   14 13 14 14   6 6 9 9   16 16 5 14   14 9 13 18
8 10 13 8   11 11 16 15   18 13 15 18   1 10 2 0   12 14 17 12   11 6 18 17   6 9 9 12   9 18 13 13   3 13 3 0   5 11 14 7   8 9 16 18   4 0 3 18
3 0 3 7   5 18 13 11   9 4 0 3   14 18 5 15   9 7 16 6   10 17 17 11   13 14 6 18   7 8 10 8   18 5 10 11   7 14 9 5   5 12 15 5   9 14 18 14
