0 2 10 3   0 1 4 3   5 8 13 13   6 7 10 5   7 9 5 8   12 10 9 10   11 11 10 5   11 13 12 9   0 0 2 1   6 13 6 5
9 10 13 4   1 0 3 13   3 9 1 0   4 13 10 8   10 10 11 11   0 3 8 3   2 4 2 0   12 8 7 4   11 13 7 4   13 9 10 13
0 2 11 1   9 5 9 13   7 9 9 9   2 0 1 10   6 4 5 10   8 8 5 10   0 1 10 3   11 12 11 9   2 5 2 0   9 11 12 5
8 4 8 6   2 4 1 0   11 8 12 4   4 9 10 13   9 13 12 9   1 13 3 0   0 1 12 1   0 2 3 0   8 10 6 6   9 11 12 4
13 11 10 8   3 4 3 0   7 8 12 13   9 11 8 8   8 4 8 6   10 13 8 5   5 4 11 10   13 10 5 10   4 12 5 9   4 2 0 1
9 12 13 13   4 12 11 7   1 5 3 0   4 5 11 11   13 1 0 3   2 0 1 6   6 4 13 5   0 3 10 1   9 4 6 5   4 4 9 8
7 12 10 10   13 4 9 10   7 10 11 8   13 7 5 9   6 11 12 7   10 8 13 13   12 4 4 4   5 7 10 13   10 10 5 12   2 13 1 0
9 11 4 5   11 4 11 5   5 12 5 13   1 9 1 0   0 2 5 3   2 0 3 5   0 0 1 2   1 0 3 13   0 1 13 1   3 5 2 0
0 3 10 1   11 13 13 10   6 9 10 11   8 9 10 12   12 7 8 7   9 9 9 13   10 10 12 8   0 1 11 3   11 8 4 9   0 2 3 0
3 6 3 0   4 5 9 5   5 9 6 4   2 0 3 10   8 9 5 9   12 2 0 1   7 5 4 6   4 10 9 9   2 0 2 5   7 11 9 9
