0 0 1 4   8 7 16 14   3 0 0 1   5 16 15 11   0 1 6 4   15 11 7 16   5 12 11 11   8 11 8 13   0 4 16 4   10 7 9 5
12 3 0 1   12 12 14 10   7 4 0 2   14 15 14 9   14 1 0 3   4 13 3 0   13 6 16 11   8 14 7 13   4 0 3 16   10 5 12 6
16 10 9 10   9 15 13 12   14 14 10 9   14 11 15 8   7 12 7 10   16 11 15 16   11 6 5 11   0 3 5 4   8 16 12 16   12 13 12 15
4 7 4 0   5 13 14 5   3 0 4 6   16 6 8 11   9 8 13 10   16 15 12 6   0 3 8 1   4 10 4 0   7 7 10 16   14 8 12 13
14 7 12 6   10 15 16 16   5 14 10 16   1 1 0 0   11 8 5 5   6 1 0 4   10 1 0 4   7 12 5 16   16 2 0 2   15 13 14 8
0 3 7 3   13 15 12 15   16 5 8 14   8 16 14 15   0 3 16 3   10 15 10 10   0 1 14 3   0 3 6 3   1 0 1 15   10 5 6 14
14 16 11 12   6 5 16 14   14 9 15 15   6 6 16 12   13 9 11 16   8 6 9 14   15 11 14 8   8 12 13 13   6 4 0 4   7 6 7 8
10 6 10 7   15 5 9 5   16 13 11 13   9 6 10 16   9 4 0 4   12 13 16 6   12 14 9 6   1 0 4 13   4 11 4 0   9 15 6 6
7 14 10 11   16 1 0 3   10 14 11 8   1 11 1 0   5 10 12 5   14 4 0 4   16 3 0 3   8 5 12 12   6 12 14 14   15 10 6 6
16 9 15 6   1 6 1 0   16 8 6 11   13 6 11 9   0 3 2 0   3 0 2 15   1 13 1 0   14 16 14 5   14 2 0 1   8 5 15 7
