15 11 13 12   4 3 0 0   3 0 2 16   2 11 4 0   12 14 5 8   8 1 0 2   14 13 16 16   18 18 9 11   15 13 12 5   2 5 2 0   12 9 5 12   2 16 2 0
7 13 5 7   16 9 12 16   1 0 2 12   6 8 13 10   5 13 9 9   2 0 4 15   5 11 15 10   18 12 15 13   1 13 4 0   12 17 16 15   12 1 0 3   14 10 14 5
0 4 5 2   18 8 5 15   4 0 4 17   6 10 10 13   7 5 15 10   14 5 18 16   0 4 16 1   11 14 11 12   14 16 18 9   14 18 6 13   9 10 6 16   7 9 12 8
5 11 11 15   9 15 12 16   3 0 0 2   6 15 10 18   13 11 5 18   6 9 15 16   5 10 9 13   0 2 4 0   17 12 12 17   15 16 17 16   4 0 2 9   14 5 17 10
9 17 18 16   16 7 15 17   6 10 14 8   18 8 7 15   12 11 10 13   11 5 17 11   13 9 11 17   13 14 8 17   10 17 12 16   15 16 9 10   3 5 2 0   15 18 10 12
3 0 3 5   13 12 15 11   6 3 0 3   14 3 0 1   16 2 0 2   15 10 5 13   13 16 18 12   17 13 6 5   15 13 7 8   2 0 1 15   9 17 5 17   3 0 1 9
7 1 0 2   12 12 8 16   8 13 7 6   18 16 13 11   2 9 1 0   9 17 12 13   2 18 4 0   14 5 8 5   5 13 5 17   0 4 11 4   16 8 5 18   3 14 3 0
12 8 6 17   7 11 10 15   4 16 2 0   8 5 12 12   17 6 7 9   9 12 11 14   9 18 16 13   6 16 16 13   1 0 4 16   10 5 6 18   9 7 18 17   16 9 17 7
10 17 5 8   14 18 11 16   12 8 5 5   0 3 6 4   16 6 8 12   14 8 11 12   11 5 15 18   8 13 15 5   8 13 11 14   18 11 14 6   11 13 12 18   17 13 6 5
0 3 18 4   9 11 12 16   0 4 6 3   6 18 7 7   2 0 1 18   13 16 7 11   7 16 13 5   11 8 11 10   6 14 15 6   0 3 5 2   16 5 18 18   18 10 15 16
17 10 5 6   2 0 1 11   6 15 17 13   8 10 17 13   11 15 17 7   0 1 16 4   11 15 5 11   3 13 1 0   2 0 2 9   17 5 13 17   4 4 0 0   5 18 6 16
17 14 17 11   10 7 7 8   0 1 8 2   0 4 5 4   17 17 12 5   18 3 0 3   2 0 4 9   17 11 16 11   14 9 9 15   13 6 18 15   11 9 13 7   12 15 7 8
