c10x10_10-3_s1|p1|-P 6,5,51,1
c10x10_10-3_s1|p5|-P 6,5,51,1 -P 3,3,77,1 -P 3,8,91,3 -P 8,3,60,1 -P 8,8,23,0
c10x10_10-3_s2|p1|-P 6,5,10,2
c10x10_10-3_s2|p5|-P 6,5,10,2 -P 3,3,47,0 -P 3,8,16,3 -P 8,3,69,1 -P 8,8,40,0
c12x12_14-4_s1|p1|-P 7,6,29,1
c12x12_14-4_s1|p5|-P 7,6,29,1 -P 3,3,13,2 -P 3,10,121,0 -P 10,3,66,3 -P 10,10,97,0
c12x12_14-4_s2|p1|-P 7,6,56,0
c12x12_14-4_s2|p5|-P 7,6,56,0 -P 3,3,106,2 -P 3,10,49,3 -P 10,3,67,3 -P 10,10,75,2
c9x9_9-3_s1|p1|-P 5,5,14,2
c9x9_9-3_s1|p5|-P 5,5,14,2 -P 3,3,35,1 -P 3,7,3,1 -P 7,3,80,0 -P 7,7,24,0
c9x9_9-3_s2|p1|-P 5,5,5,1
c9x9_9-3_s2|p5|-P 5,5,5,1 -P 3,3,23,3 -P 3,7,39,0 -P 7,3,16,3 -P 7,7,33,2
c9x9_9-3_s3|p1|-P 5,5,53,3
c9x9_9-3_s3|p5|-P 5,5,53,3 -P 3,3,59,0 -P 3,7,39,2 -P 7,3,48,0 -P 7,7,5,3
c9x9_9-3_s4|p1|-P 5,5,41,0
c9x9_9-3_s4|p5|-P 5,5,41,0 -P 3,3,39,2 -P 3,7,3,1 -P 7,3,2,0 -P 7,7,60,0
c9x9_9-3_s5|p1|-P 5,5,1,1
c9x9_9-3_s5|p5|-P 5,5,1,1 -P 3,3,79,1 -P 3,7,33,3 -P 7,3,8,1 -P 7,7,9,2
